(45,3309.3804)
(79,3790.5698)
(96,3924.23)
(23,4042.65)
(99,4172.29)
(75,4178.5)
(36,4278.05)
(98,4297.26)
(47,4316.3)
(77,4327.7305)
(13,4367.62)
(48,4384.3296)
(49,4394.5996)
(94,4475.5703)
(67,4505.79)
(50,4517.2695)
(78,4524.51)
(5,4561.0703)
(57,4628.3994)
(83,4635.8003)
(91,4642.2603)
(74,4647.1304)
(84,4652.9395)
(3,4659.63)
(12,4664.59)
(66,4681.92)
(56,4701.02)
(21,4707.41)
(80,4727.86)
(14,4735.0303)
(37,4735.2)
(7,4755.0693)
(44,4756.8906)
(31,4765.05)
(82,4812.49)
(4,4815.05)
(10,4819.6997)
(88,4830.55)
(20,4836.86)
(89,4851.4795)
(95,4876.8394)
(38,4898.461)
(76,4904.2104)
(86,4908.809)
(27,4915.8896)
(18,4921.27)
(53,4945.3)
(1,4958.5996)
(51,4975.2197)
(16,4979.0605)
