(30,4990.72)
(28,5000.7104)
(22,5019.449)
(29,5032.5303)
(17,5032.6797)
(60,5040.7095)
(25,5057.6104)
(19,5059.4307)
(81,5112.71)
(69,5123.01)
(65,5140.3496)
(11,5152.29)
(35,5155.42)
(40,5186.4297)
(87,5206.3994)
(52,5245.0605)
(26,5250.4004)
(62,5253.3213)
(33,5254.659)
(24,5259.92)
(93,5265.75)
(64,5288.69)
(90,5290.41)
(55,5298.09)
(9,5322.6494)
(34,5330.7993)
(72,5337.4395)
(70,5368.2505)
(43,5368.83)
(92,5379.281)
(6,5397.8794)
(15,5413.5103)
(63,5415.15)
(58,5437.7305)
(32,5496.0503)
(61,5497.48)
(85,5503.4307)
(8,5517.24)
(0,5524.9497)
(41,5637.619)
(59,5642.8906)
(42,5696.8403)
(46,5963.111)
(97,5977.1895)
(2,5994.591)
(71,5995.66)
(54,6065.39)
(39,6193.1104)
(73,6206.199)
(68,6375.45)
